政,192.13,48.619995,17.75,17.750015,14.768001,4.4375,16.081497
治,210.3715,48.596252,17.75,17.750015,14.768001,4.4375,13.791748
獻,226.32326,48.5755,17.75,17.750015,14.768001,4.4375,16.560745
金,244.09001,48.55243,17.75,17.750015,14.768001,4.4375,15.478012
會,261.788,48.52942,17.75,17.750015,14.768001,4.4375,14.643738
計,278.65173,48.507507,17.75,17.750015,14.768001,4.4375,14.998749
報,295.46,48.485657,17.75,17.750015,14.768001,4.4375,15.957245
告,312.86,48.463013,17.75,17.750015,14.768001,4.4375,15.35376
書,331.27374,48.439087,17.75,17.750015,14.768001,4.4375,13.685242
查,348.01898,48.417297,17.75,17.750015,14.768001,4.4375,14.040253
閱,366.03,48.39392,17.75,17.750015,14.768001,4.4375,12.478241
制,382.34824,48.37268,17.75,17.750015,14.768001,4.4375,14.395264
度,399.15,48.35089,17.75,17.750015,14.768001,4.4375,15.477997
電,417.448,48.327087,17.75,17.750015,14.768001,4.4375,13.561005
腦,433.829,48.305786,17.75,17.750015,14.768001,4.4375,15.35376
系,453.03,48.280823,17.75,17.750015,14.768001,4.4375,11.519745
統,468.28,48.260986,17.75,17.750015,14.768001,4.4375,15.35376
查,486.33374,48.237488,17.75,17.750015,14.768001,4.4375,14.16449
詢,503.19824,48.215576,17.75,17.750015,14.768001,4.4375,14.519531
結,520.01,48.193726,17.75,17.750015,14.768001,4.4375,15.247253
果,537.41003,48.17108,17.75,17.750015,14.768001,4.4375,14.998779
列,555.5288,48.147522,17.75,17.750015,14.768001,4.4375,13.205994
印,572.7,48.125183,17.75,17.750015,14.768001,4.4375,13.436768
清,589.3768,48.103516,17.75,17.750015,14.768001,4.4375,14.643738
單,606.67004,48.080994,17.75,17.750015,14.768001,4.4375,14.395264
專,203.89,63.679993,12.95,12.950024,11.408951,3.2375,11.642044
戶,218.56206,63.6521,12.95,12.950024,11.408951,3.2375,9.841995
名,231.43405,63.627625,12.95,12.950024,11.408951,3.2375,10.256393
稱,243.62,63.604492,12.95,12.950024,11.408951,3.2375,12.716888
：,262.33688,63.56891,12.95,12.950024,11.408951,3.2375,1.9165955
第,271.81998,63.550903,12.95,12.950024,11.408951,3.2375,9.660706
1,285.61996,63.52466,12.95,12.950024,11.408951,3.2375,2.1626587
3,290.90262,63.51465,12.95,12.950024,11.408951,3.2375,4.92099
任,297.14996,63.502747,12.95,12.950024,11.408951,3.2375,12.483795
總,311.04376,63.47632,12.95,12.950024,11.408951,3.2375,11.758606
統,324.21237,63.451294,12.95,12.950024,11.408951,3.2375,11.939911
、,342.15997,63.417236,12.95,12.950024,11.408951,3.2375,3.0043945
副,351.76996,63.398987,12.95,12.950024,11.408951,3.2375,10.321136
總,364.6111,63.374573,12.95,12.950024,11.408951,3.2375,11.758606
統,377.80997,63.349487,12.95,12.950024,11.408951,3.2375,12.004639
擬,390.65463,63.325073,12.95,12.950024,11.408951,3.2375,13.325562
參,404.80997,63.298218,12.95,12.950024,11.408951,3.2375,11.875153
選,418.00513,63.273132,12.95,12.950024,11.408951,3.2375,12.354309
人,431.6794,63.24713,12.95,12.950024,11.408951,3.2375,12.004639
馬,445.73996,63.22046,12.95,12.950024,11.408951,3.2375,10.502441
英,458.81995,63.195618,12.95,12.950024,11.408951,3.2375,11.279449
九,471.89938,63.170776,12.95,12.950024,11.408951,3.2375,12.004639
、,489.77994,63.13678,12.95,12.950024,11.408951,3.2375,3.0043945
吳,498.78995,63.11969,12.95,12.950024,11.408951,3.2375,11.693848
敦,511.9838,63.094604,12.95,12.950024,11.408951,3.2375,12.237762
義,526.39996,63.06726,12.95,12.950024,11.408951,3.2375,10.256409
政,538.57635,63.04413,12.95,12.950024,11.408951,3.2375,12.354309
治,552.85065,63.01703,12.95,12.950024,11.408951,3.2375,10.865051
獻,565.17,62.99359,12.95,12.950024,11.408951,3.2375,12.962952
金,579.33295,62.966675,12.95,12.950024,11.408951,3.2375,12.121216
專,592.6542,62.941345,12.95,12.950024,11.408951,3.2375,11.875122
戶,607.06,62.914,12.95,12.950024,11.408951,3.2375,9.84198
首,384.72,80.150024,16.9,16.903906,9.0246,4.225,11.76239
次,398.0424,80.43646,16.9,16.903906,9.0246,4.225,12.11731
申,413.29,80.76428,16.9,16.903906,9.0246,4.225,8.635895
報,424.6859,81.00928,16.9,16.903906,9.0246,4.225,12.4721985
nu,126.53001,115.44006,36.55,36.55,8.644083,9.1375,0.0
 ,126.53001,115.44006,36.55,36.55,8.644083,9.1375,9.137505
期,117.670006,93.120056,36.55,36.55,8.644075,9.1375,0.0
－,116.740005,107.400055,36.55,36.55,8.644075,9.1375,0.0
A,115.68001,115.08005,36.55,36.55,8.644075,9.1375,0.0
口川門,107.37,94.32004,19.65,19.65,10.974582,4.9125,0.0
－,102.21001,94.32004,19.65,19.65,10.974582,4.9125,0.0
nu,107.43997,115.56003,19.65,19.65,10.974582,4.9125,0.0
i,101.75001,107.52005,36.55,36.55,8.644083,9.1375,0.0
 ,101.75001,107.52005,36.55,36.55,8.644083,9.1375,9.137497
H勿,96.25001,93.00006,17.5,17.5,9.210134,4.375,0.0
－,92.41001,93.00006,17.5,17.5,9.210134,4.375,0.0
／／,95.51954,115.08005,17.5,17.5,9.210134,4.375,0.0
交,84.8,93.60004,19.2,19.2,14.611201,4.8,9.350403
一,85.46001,107.52005,17.75,17.75,13.6675005,4.4375,0.0
∞,85.82001,115.44006,36.55,36.55,8.644075,9.1375,0.0
i,77.270004,107.52005,36.55,36.55,8.644083,9.1375,0.0
 ,77.270004,107.52005,36.55,36.55,8.644083,9.1375,9.137497
混,54.290005,93.36005,36.55,36.55,8.644075,9.1375,0.0
一,54.080006,107.640045,10.3,10.3,7.5756507,2.575,0.0
1,53.150005,115.670044,13.3,13.3,9.170351,3.325,1.9151993
和,42.590004,93.00003,36.55,36.55,8.644075,9.1375,0.0
－,43.370003,107.640045,36.55,36.55,8.644075,9.1375,0.0
m,44.22,115.670044,36.55,36.55,8.644075,9.1375,0.0
一,211.25,107.160065,10.9,10.9,9.417668,2.725,0.0
山,205.61,107.160065,10.9,10.9,9.417668,2.725,0.0
山,211.29967,120.23007,10.9,10.9,9.417668,2.725,0.0
回,205.45,93.84006,10.4,10.4,7.2592,2.6,0.0
H,206.41,93.84006,10.4,10.4,7.2592,2.6,0.0
H,207.37001,93.84006,10.4,10.4,7.2592,2.6,0.0
由,205.45,107.160065,10.4,10.4,7.2592,2.6,0.0
一,199.91,107.160065,11.75,11.75,8.554104,2.9375,10.856995
文,204.82701,107.160065,11.75,11.75,8.554104,2.9375,0.0
科,194.02,93.120056,19.2,19.2,14.6114645,4.8,0.0
一,193.33049,107.04007,19.2,19.2,14.6114645,4.8,0.0
L,185.79001,94.920044,19.2,19.2,14.611201,4.8,0.0
一,187.57,107.04004,19.2,19.2,14.611201,4.8,0.0
運,188.73001,114.95004,19.2,19.2,14.611201,4.8,10.444794
U,175.73001,92.880035,36.55,36.55,8.644075,9.1375,0.0
U,176.98001,96.95004,36.55,36.55,8.644075,9.1375,0.0
－,179.38,107.400055,36.55,36.55,8.644075,9.1375,0.0
叫一,182.98001,115.20004,36.55,36.55,8.644075,9.1375,0.0
h砂九,153.71,115.32004,36.55,36.55,8.644083,9.1375,0.0
捐,308.41,102.54004,19.2,19.2,14.611201,4.8,9.600006
贈,319.75,102.54004,19.2,19.2,14.611201,4.8,10.0224
者,330.86002,102.54004,19.2,19.2,14.611201,4.8,10.559998
／,342.38,102.54004,19.2,19.2,14.611201,4.8,6.6047974
支,349.9448,102.54004,19.2,19.2,14.611201,4.8,9.964813
出,362.66,102.54004,19.2,19.2,14.611201,4.8,7.4303894
對,372.7304,102.54004,19.2,19.2,14.611201,4.8,10.310394
象,384.99,102.54004,19.2,19.2,14.611201,4.8,9.004791
3,39.730003,144.26004,13.3,13.300719,9.170351,3.325,4.2028008
8,45.132805,144.31622,13.3,13.300719,9.170351,3.325,4.4953995
2,50.828205,144.37546,13.3,13.300719,9.170351,3.325,4.8545
 ,56.882706,144.43842,13.3,13.300719,9.170351,3.325,3.3250008
I,66.840004,144.20999,21.1,21.101141,11.868751,5.275,1.4347992
 ,68.2748,144.22491,21.1,21.101141,11.868751,5.275,5.2750015
1,76.68001,144.22034,13.3,13.300719,9.170351,3.325,1.8619995
0,81.12201,144.26654,13.3,13.300719,9.170351,3.325,4.4421997
0,86.770004,144.32529,13.3,13.300719,9.170351,3.325,4.4421997
;,92.292206,144.38272,13.3,13.300719,9.170351,3.325,6.5968018
1,101.05,144.47379,13.3,13.300719,9.170351,3.325,1.9151993
0,105.6052,144.52115,13.3,13.300719,9.170351,3.325,4.4421997
;,111.01,144.57736,13.3,13.300719,9.170351,3.325,6.5968018
2,118.33,144.23831,13.3,13.300719,9.170351,3.325,4.8545
0,124.3245,144.30066,13.3,13.300719,9.170351,3.325,4.4422073
 ,129.90671,144.3587,13.3,13.300719,9.170351,3.325,3.324997
I,135.73,145.02048,19.2,19.201038,14.611201,4.8,1.4400024
交,149.18,145.16037,19.2,19.201038,14.611201,4.8,9.350403
通,160.0904,145.27383,19.2,19.201038,14.611201,4.8,10.675201
旅,171.37999,145.39124,19.2,19.201038,14.611201,4.8,11.039993
運,183.15,145.51364,19.2,19.201038,14.611201,4.8,10.444794
支,195.03479,145.63724,19.2,19.201038,14.611201,4.8,9.964798
出,207.75,145.76947,19.2,19.201038,14.611201,4.8,7.4304047
3,39.850006,165.06006,13.3,13.300678,9.170351,3.325,4.2028008
8,45.462807,165.11676,13.3,13.300678,9.170351,3.325,4.4953995
3,51.368206,165.17639,13.3,13.300678,9.170351,3.325,4.2028008
 ,56.981007,165.2331,13.3,13.300678,9.170351,3.325,3.3250008
I,66.840004,165.06967,13.3,13.300678,9.170351,3.325,1.5028992
 ,68.3429,165.08484,13.3,13.300678,9.170351,3.325,3.324997
1,76.68001,165.01007,13.3,13.300678,9.170351,3.325,1.8619995
0,81.12201,165.05493,13.3,13.300678,9.170351,3.325,4.4421997
0,86.770004,165.11197,13.3,13.300678,9.170351,3.325,4.4421997
;,92.23221,165.16714,13.3,13.300678,9.170351,3.325,6.6632996
1,101.170006,165.25742,13.3,13.300678,9.170351,3.325,1.9151993
0,105.60521,165.30222,13.3,13.300678,9.170351,3.325,4.4421997
;,111.020004,165.3569,13.3,13.300678,9.170351,3.325,6.6632996
2,118.340004,164.95325,13.3,13.300678,9.170351,3.325,4.8545
0,124.3345,165.0138,13.3,13.300678,9.170351,3.325,4.4421997
 ,129.9167,165.07016,13.3,13.300678,9.170351,3.325,3.324997
I,135.85,165.6997,19.2,19.20098,14.611201,4.8,1.4400024
 ,137.29001,165.71426,19.2,19.20098,14.611201,4.8,4.800003
交,149.17,166.07925,19.2,19.20098,14.611201,4.8,9.350403
通,160.09,166.18954,13.3,13.300678,9.170351,3.325,10.679901
旅,171.5,166.30478,16.9,16.900862,9.0246,4.225,10.917404
運,183.26,166.42355,13.3,13.300678,9.170351,3.325,10.493698
支,195.01999,166.54233,19.2,19.20098,14.611201,4.8,9.964798
出,207.7448,166.67084,19.2,19.20098,14.611201,4.8,7.4304047
3,39.960003,185.57004,13.3,13.300911,9.170351,3.325,4.2028008
8,45.2428,185.63184,13.3,13.300911,9.170351,3.325,4.4953995
4,50.818203,185.69708,13.3,13.300911,9.170351,3.325,4.974201
 ,56.872402,185.76791,13.3,13.300911,9.170351,3.325,3.3250008
I,66.840004,185.61954,16.9,16.901155,9.0246,4.225,1.504097
 ,68.3441,185.63715,16.9,16.901155,9.0246,4.225,4.2249985
1,76.68001,185.53967,13.3,13.300911,9.170351,3.325,1.8619995
o,81.130005,185.92294,13.3,13.300911,9.170351,3.325,4.4421997
o,86.682205,185.98792,13.3,13.300911,9.170351,3.325,4.4421997
;,92.234406,186.05289,13.3,13.300911,9.170351,3.325,6.6632996
1,101.170006,185.6738,13.3,13.300911,9.170351,3.325,1.9151993
0,105.60521,185.72568,13.3,13.300911,9.170351,3.325,4.4421997
1,111.14001,185.79044,13.3,13.300911,9.170351,3.325,6.5968018
2,118.46001,185.52927,13.3,13.300911,9.170351,3.325,4.8545
0,124.454506,185.5994,13.3,13.300911,9.170351,3.325,4.4422073
 ,130.03671,185.6647,13.3,13.300911,9.170351,3.325,3.324997
︱,135.85,186.38992,19.2,19.201315,14.611201,4.8,1.6703949
交,149.29001,186.54718,19.2,19.201315,14.611201,4.8,9.350403
通,160.20041,186.67484,19.2,19.201315,14.611201,4.8,10.559998
旅,171.50002,186.80704,19.2,19.201315,14.611201,4.8,10.924805
運,183.56482,186.94818,19.2,19.201315,14.611201,4.8,10.444794
支,195.14963,187.08371,19.2,19.201315,14.611201,4.8,9.964798
出,207.87001,187.23257,19.2,19.201315,14.611201,4.8,7.4304047
3,40.090004,206.25006,13.3,13.300273,9.170351,3.325,4.2028008
8,45.522804,206.28482,13.3,13.300273,9.170351,3.325,4.4953995
5,51.248203,206.32147,13.3,13.300273,9.170351,3.325,4.561901
 ,57.040104,206.35855,13.3,13.300273,9.170351,3.325,3.3250008
I,67.08,206.83978,21.35,21.350437,14.667451,5.3375,1.4944992
 ,68.5745,206.84933,21.35,21.350437,14.667451,5.3375,5.3375015
1,77.04,206.24951,13.3,13.300273,9.170351,3.325,1.8619995
川,81.362,206.27716,13.3,13.300273,9.170351,3.325,21.958298
0,105.72,206.43307,13.3,13.300273,9.170351,3.325,4.4421997
/,111.1022,206.46753,13.3,13.300273,9.170351,3.325,6.6632996
2,118.705505,206.5162,13.3,13.300273,9.170351,3.325,4.8545
0,124.50001,206.55328,13.3,13.300273,9.170351,3.325,4.4953995
I,136.09,206.44943,6.95,6.950142,13.6011505,1.7375,1.4386444
 ,137.52864,206.45865,6.95,6.950142,13.6011505,1.7375,1.737503
3,40.090004,227.31006,13.3,13.302276,9.170351,3.325,4.2028008
8,45.582806,227.41168,13.3,13.302276,9.170351,3.325,4.4953995
6,51.368206,227.5187,13.3,13.302276,9.170351,3.325,4.3224983
 ,56.980705,227.62253,13.3,13.302276,9.170351,3.325,3.3250008
I,67.08,227.93036,21.35,21.353653,14.667451,5.3375,1.4944992
 ,68.5745,227.95801,21.35,21.353653,14.667451,5.3375,5.3375015
1,77.04,227.42062,13.3,13.302276,9.170351,3.325,1.8619995
州,81.36,227.89655,13.3,13.302276,9.170351,3.325,21.958298
阱,105.7183,228.34717,13.3,13.302276,9.170351,3.325,17.7555
。,124.56,228.69574,13.3,13.302276,9.170351,3.325,4.561905
3,40.090004,248.54004,13.3,13.301056,9.170351,3.325,4.2028008
s,45.732803,248.61115,13.3,13.301056,9.170351,3.325,4.4421997
1,51.250004,249.17505,13.3,13.301056,9.170351,3.325,4.6815987
 ,55.931602,249.23404,13.3,13.301056,9.170351,3.325,3.3250008
!,67.200005,248.56964,21.35,21.351696,8.379875,5.3375,1.4944992
 ,68.6945,248.58847,21.35,21.351696,8.379875,5.3375,5.3375015
1,77.04001,248.47961,13.3,13.301056,9.170351,3.325,1.8619995
0,81.36201,248.53406,13.3,13.301056,9.170351,3.325,4.4421997
0,87.130005,248.60675,13.3,13.301056,9.170351,3.325,4.4953995
;,92.53001,248.6748,13.3,13.301056,9.170351,3.325,6.836197
1,101.70621,248.79044,13.3,13.301056,9.170351,3.325,1.9151993
0,105.96141,248.84406,13.3,13.301056,9.170351,3.325,4.4421997
;,111.26001,248.9108,13.3,13.301056,9.170351,3.325,6.6632996
2,118.71001,248.49228,13.3,13.301056,9.170351,3.325,4.8545
0,124.704506,248.56781,13.3,13.301056,9.170351,3.325,4.4422073
 ,130.28671,248.63815,13.3,13.301056,9.170351,3.325,3.324997
1,136.09001,248.77966,16.9,16.90134,9.0246,4.225,1.6730957
 ,137.7631,248.80075,16.9,16.90134,9.0246,4.225,4.225006
交,149.64001,249.6394,19.2,19.201525,14.611201,4.8,9.350403
通,160.31041,249.77386,19.2,19.201525,14.611201,4.8,11.155197
3,40.330006,269.38004,13.3,13.3017235,9.170351,3.325,4.2028008
8,45.792805,269.468,13.3,13.3017235,9.170351,3.325,4.4953995
8,51.548206,269.56064,13.3,13.3017235,9.170351,3.325,4.4953995
 ,57.303608,269.6533,13.3,13.3017235,9.170351,3.325,3.3250008
I,67.32001,269.29956,21.35,21.352768,8.379875,5.3375,1.4304504
 ,68.75046,269.3226,21.35,21.352768,8.379875,5.3375,5.3375015
1,77.16,269.44998,13.3,13.3017235,9.170351,3.325,1.9151993
0,81.59521,269.5214,13.3,13.3017235,9.170351,3.325,4.4421997
叭,87.25,269.91364,13.3,13.3017235,9.170351,3.325,16.3191
叭,105.9691,270.21503,13.3,13.3017235,9.170351,3.325,17.635803
o,124.7,269.73776,13.3,13.3017235,9.170351,3.325,4.4421997
l,136.20999,270.03967,21.35,21.352768,8.379875,5.3375,1.558548
交,149.65,270.25604,19.2,19.20249,14.611201,4.8,9.350403
通,160.5604,270.4317,19.2,19.20249,14.611201,4.8,10.675201
3,40.210003,290.38004,13.3,13.300652,9.170351,3.325,4.2028008
8,45.762802,290.435,13.3,13.300652,9.170351,3.325,4.4953995
9,51.608204,290.49286,13.3,13.300652,9.170351,3.325,4.3224983
 ,57.280704,290.549,13.3,13.300652,9.170351,3.325,3.3250008
I,67.32001,290.49042,17.75,17.75087,14.768001,4.4375,1.5087509
 ,68.82876,290.50534,17.75,17.75087,14.768001,4.4375,4.4375
1,77.16,290.52084,13.3,13.300652,9.170351,3.325,1.8619995
0,81.602005,290.56482,13.3,13.300652,9.170351,3.325,4.4421997
0,87.25,290.62073,13.3,13.300652,9.170351,3.325,4.4953995
/,92.78,290.67548,13.3,13.300652,9.170351,3.325,6.6632996
1,101.7233,290.764,13.3,13.300652,9.170351,3.325,1.8619995
0,105.979996,290.80615,13.3,13.300652,9.170351,3.325,4.4421997
/,111.382195,290.85962,13.3,13.300652,9.170351,3.325,6.6632996
2,119.00549,290.9351,13.3,13.300652,9.170351,3.325,4.8545
0,124.81999,290.99265,13.3,13.300652,9.170351,3.325,4.4421997
 ,130.2222,291.0461,13.3,13.300652,9.170351,3.325,3.324997
I,136.33,290.4306,21.35,21.351048,8.379875,5.3375,1.4304504
 ,137.76045,290.44476,21.35,21.351048,8.379875,5.3375,5.337494
交,149.65001,291.35028,19.2,19.200941,14.611201,4.8,9.715195
通,160.57999,291.4585,19.2,19.200941,14.611201,4.8,10.675201
旅,171.98001,291.57135,19.2,19.200941,14.611201,4.8,10.924805
i,183.62482,291.68665,19.2,19.200941,14.611201,4.8,3.7248077
于,198.38,291.8327,36.55,36.551792,8.644075,9.1375,2.0467987
3,40.330006,311.29004,13.3,13.300911,9.170351,3.325,4.2028008
9,45.912807,311.35535,13.3,13.300911,9.170351,3.325,4.3224983
0,51.615307,311.42206,13.3,13.300911,9.170351,3.325,4.4421997
 ,57.437508,311.49017,13.3,13.300911,9.170351,3.325,3.3250008
I,67.32001,311.21982,21.1,21.101444,11.868751,5.275,1.4347992
 ,68.75481,311.2366,21.1,21.101444,11.868751,5.275,5.2750015
1,77.16,311.33496,13.3,13.300911,9.170351,3.325,1.8619995
0,81.54201,311.38623,13.3,13.300911,9.170351,3.325,4.4953995
0,87.37,311.4544,13.3,13.300911,9.170351,3.325,4.4953995
;,92.945404,311.51965,13.3,13.300911,9.170351,3.325,6.6632996
1,101.65,311.4199,13.3,13.300911,9.170351,3.325,1.8619995
忱,106.1,311.82355,13.3,13.300911,9.170351,3.325,17.635803
。,124.7558,312.0418,13.3,13.300911,9.170351,3.325,4.495407
︱,136.34999,310.88745,21.35,21.351461,8.379875,5.3375,1.6226044
交,149.90999,312.45612,13.3,13.300911,9.170351,3.325,9.363205
通,160.7132,312.58252,13.3,13.300911,9.170351,3.325,10.679901
旅,172.10999,312.71585,13.3,13.300911,9.170351,3.325,11.039001
運,184.07898,312.8559,13.3,13.300911,9.170351,3.325,10.493698
支,195.50269,312.98956,13.3,13.300911,9.170351,3.325,10.201096
出,208.47998,313.1414,13.3,13.300911,9.170351,3.325,7.4347076
3,40.570004,332.41006,13.3,13.306639,9.170351,3.325,4.2560005
9,46.100002,332.5848,13.3,13.306639,9.170351,3.325,4.3224983
1,53.182503,332.80862,13.3,13.306639,9.170351,3.325,1.9151993
 ,57.857704,332.95636,13.3,13.306639,9.170351,3.325,3.3250008
I,67.56,332.39993,13.9,13.906938,8.63885,3.475,1.4456024
 ,69.0056,332.44562,13.9,13.906938,8.63885,3.475,3.4749985
1,77.4,332.36005,13.3,13.3,9.170351,3.325,1.9151993
0,81.835205,332.36005,13.3,13.3,9.170351,3.325,4.4421997
0,87.490005,332.36005,13.3,13.3,9.170351,3.325,4.4421997
;,92.892204,332.36005,13.3,13.3,9.170351,3.325,6.7164993
1,101.770004,332.36005,13.3,13.3,9.170351,3.325,1.9151993
0,106.3252,332.36005,13.3,13.3,9.170351,3.325,4.4421997
;,111.73,332.36005,13.3,13.3,9.170351,3.325,6.477104
2,119.05,332.74524,13.3,13.3,9.170351,3.325,4.8545
0,124.93,332.36005,13.3,13.3,9.170351,3.325,4.4422073
 ,129.37221,332.36005,13.3,13.3,9.170351,3.325,3.324997
1,136.45,333.96005,16.9,16.9,9.0246,4.225,1.5547943
交,149.8848,333.96005,16.9,16.9,9.0246,4.225,9.480896
通,160.81,333.96005,16.9,16.9,9.0246,4.225,10.680801
旅,172.09,333.63126,16.9,16.9,9.0246,4.225,10.917404
運,183.86,334.06326,16.9,16.9,9.0246,4.225,10.5625
支,195.74251,334.06326,16.9,16.9,9.0246,4.225,9.954102
出,208.46,334.06326,16.9,16.9,9.0246,4.225,7.4360046
3,40.570004,353.22003,13.3,13.300911,9.170351,3.325,4.2028008
9,46.002804,353.28363,13.3,13.300911,9.170351,3.325,4.3224983
2,51.555305,353.34857,13.3,13.300911,9.170351,3.325,4.8545
 ,57.639805,353.41974,13.3,13.300911,9.170351,3.325,3.3250008
I,67.44,353.39044,17.75,17.751215,14.768001,4.4375,1.5087509
 ,68.94875,353.40808,17.75,17.751215,14.768001,4.4375,4.4375
1,77.4,353.37994,13.3,13.300911,9.170351,3.325,1.8619995
0,81.722,353.43054,13.3,13.300911,9.170351,3.325,4.4421997
0,87.490005,353.49802,13.3,13.300911,9.170351,3.325,4.4953995
1,93.125404,353.56396,13.3,13.300911,9.170351,3.325,6.5968018
1,101.89001,353.2789,13.3,13.300911,9.170351,3.325,1.8619995
0,106.33201,353.33087,13.3,13.300911,9.170351,3.325,4.4421997
1,111.740005,353.39417,13.3,13.300911,9.170351,3.325,6.5968018
2,119.2068,353.4815,13.3,13.300911,9.170351,3.325,4.8545
0,124.931305,353.54846,13.3,13.300911,9.170351,3.325,4.4421997
 ,130.2435,353.61063,13.3,13.300911,9.170351,3.325,3.324997
I,136.45,354.21985,19.2,19.201315,14.611201,4.8,1.5552063
交,149.9,354.37723,19.2,19.201315,14.611201,4.8,9.4272
通,160.8272,354.50507,19.2,19.201315,14.611201,4.8,10.675201
旅,172.09999,354.63696,19.2,19.201315,14.611201,4.8,11.039993
運,184.18999,354.7784,19.2,19.201315,14.611201,4.8,10.502396
支,195.74239,354.91357,19.2,19.201315,14.611201,4.8,9.964798
出,208.46999,355.0625,19.2,19.201315,14.611201,4.8,7.4304047
3,40.690002,374.26007,13.3,13.30099,9.170351,3.325,4.2028008
9,46.3628,374.32928,13.3,13.30099,9.170351,3.325,4.322502
3,52.1553,374.39993,13.3,13.30099,9.170351,3.325,4.2560005
 ,57.8813,374.4698,13.3,13.30099,9.170351,3.325,3.3250008
I,67.560005,374.2599,16.9,16.901257,9.0246,4.225,1.504097
 ,69.0641,374.27823,16.9,16.901257,9.0246,4.225,4.2249985
1,77.520004,374.22937,13.3,13.30099,9.170351,3.325,1.8619995
0,81.842,374.2821,13.3,13.30099,9.170351,3.325,4.4421997
0,87.61,374.35248,13.3,13.30099,9.170351,3.325,4.4421997
1,92.78,374.41556,13.3,13.30099,9.170351,3.325,6.7164993
1,102.016495,374.52826,13.3,13.30099,9.170351,3.325,1.9151993
0,106.4517,374.58234,13.3,13.30099,9.170351,3.325,4.4421997
1,111.74,374.64685,13.3,13.30099,9.170351,3.325,6.7164993
2,119.18,374.28644,13.3,13.30099,9.170351,3.325,4.8545
0,125.1745,374.35956,13.3,13.30099,9.170351,3.325,4.4421997
 ,130.7567,374.42767,13.3,13.30099,9.170351,3.325,3.324997
1,136.45,375.45935,16.9,16.901257,9.0246,4.225,1.5547943
 ,138.00479,375.4783,16.9,16.901257,9.0246,4.225,4.225006
交,150.01,375.31976,19.2,19.20143,14.611201,4.8,9.350403
通,160.9204,375.45288,19.2,19.20143,14.611201,4.8,10.559998
旅,172.21999,375.59073,19.2,19.20143,14.611201,4.8,10.924805
運,184.28479,375.7379,19.2,19.20143,14.611201,4.8,10.444794
支,195.8696,375.87927,19.2,19.20143,14.611201,4.8,9.964798
出,208.45999,376.03284,19.2,19.20143,14.611201,4.8,7.6799927
叫,40.570004,394.58005,21.35,21.351805,14.667451,5.3375,15.969799
I,67.57001,395.46985,21.35,21.351805,14.667451,5.3375,1.4944992
1,77.420006,395.05908,13.3,13.301124,9.170351,3.325,1.8619995
0,81.86201,395.11682,13.3,13.301124,9.170351,3.325,4.4421997
0,87.62,395.1917,13.3,13.301124,9.170351,3.325,4.4953995
;,93.0754,395.26263,13.3,13.301124,9.170351,3.325,6.6632996
1,101.9,395.04254,13.3,13.301124,9.170351,3.325,1.9151993
忱,106.22,395.4335,13.3,13.301124,9.170351,3.325,17.7555
。,125.1155,395.67914,13.3,13.301124,9.170351,3.325,4.4953995
︱,136.59,395.8283,21.1,21.101784,11.67885,5.275,1.5614014
交,150.01,395.98975,13.3,13.301124,9.170351,3.325,9.363205
通,160.81999,396.1303,19.2,19.201624,14.611201,4.8,10.675201
旅,172.23,396.27863,16.9,16.901428,9.0246,4.225,10.917404
運,183.98999,396.43152,13.3,13.301124,9.170351,3.325,10.560196
支,195.8702,396.58594,13.3,13.301124,9.170351,3.325,9.9617
出,208.59,396.75128,19.2,19.201624,14.611201,4.8,7.4304047
3,40.570004,415.76007,13.3,13.301056,9.170351,3.325,4.2028008
9,46.092804,415.82965,13.3,13.301056,9.170351,3.325,4.322502
5,51.735306,415.90073,13.3,13.301056,9.170351,3.325,4.561901
 ,57.617207,415.97485,13.3,13.301056,9.170351,3.325,3.3250008
I,67.560005,416.10013,21.35,21.351696,14.667451,5.3375,1.4944992
 ,69.054504,416.11896,21.35,21.351696,14.667451,5.3375,5.3375015
1,77.41,415.69205,13.3,13.301056,9.170351,3.325,1.9151993
0,81.84521,415.74792,13.3,13.301056,9.170351,3.325,4.4421997
0,87.61,415.82056,13.3,13.301056,9.170351,3.325,4.4953995
;,93.0654,415.8893,13.3,13.301056,9.170351,3.325,6.6632996
1,101.89,416.0005,13.3,13.301056,9.170351,3.325,1.9151993
忱,106.21,416.36212,13.3,13.301056,9.170351,3.325,17.994904
。,124.9849,416.5987,13.3,13.301056,9.170351,3.325,4.4953995
︱,136.58,416.74478,21.1,21.101675,11.67885,5.275,1.5614014
交,150.01,416.89,19.2,19.201525,14.611201,4.8,9.350403
通,160.8004,417.02594,19.2,19.201525,14.611201,4.8,10.675201
旅,172.21999,417.16986,19.2,19.201525,14.611201,4.8,11.039993
運,184.30998,417.32217,19.2,19.201525,14.611201,4.8,10.559998
支,195.91998,417.46844,19.2,19.201525,14.611201,4.8,9.907196
出,208.45999,417.62646,19.2,19.201525,14.611201,4.8,7.4304047
3,40.690002,436.46005,13.3,13.300394,9.170351,3.325,4.2028008
9,46.272804,436.50305,13.3,13.300394,9.170351,3.325,4.322502
6,51.975304,436.54694,13.3,13.300394,9.170351,3.325,4.322502
 ,57.677803,436.59088,13.3,13.300394,9.170351,3.325,3.3250008
I,67.560005,437.22995,21.35,21.350634,14.667451,5.3375,1.4944992
 ,69.054504,437.24146,21.35,21.350634,14.667451,5.3375,5.3375015
1,77.520004,436.51965,13.3,13.300394,9.170351,3.325,1.8619995
州,81.992004,436.55408,13.3,13.300394,9.170351,3.325,21.958298
0,106.5603,436.74326,13.3,13.300394,9.170351,3.325,4.4421997
/,111.850006,436.784,13.3,13.300394,9.170351,3.325,6.6632996
2,119.3,436.84134,13.3,13.300394,9.170351,3.325,4.8545
0,125.1745,436.88657,13.3,13.300394,9.170351,3.325,4.4421997
I,136.57,436.8293,6.95,6.950206,13.6011505,1.7375,1.4386444
 ,138.00865,436.8404,6.95,6.950206,13.6011505,1.7375,1.737503
3,40.690002,457.69006,13.3,13.3,9.170351,3.325,4.2560005
9,46.33,457.69006,13.3,13.3,9.170351,3.325,4.322502
7,51.792503,457.69006,13.3,13.3,9.170351,3.325,4.615101
 ,57.547604,457.69006,13.3,13.3,9.170351,3.325,3.3250008
I,67.68,457.84003,21.1,21.1,11.67885,5.275,1.4981003
 ,69.1781,457.84003,21.1,21.1,11.67885,5.275,5.2750015
1,77.520004,457.62006,13.3,13.3,9.170351,3.325,1.8619995
0,81.962006,457.62006,13.3,13.3,9.170351,3.325,4.4421997
0,87.73,457.62006,13.3,13.3,9.170351,3.325,4.4421997
;,93.1922,457.62006,13.3,13.3,9.170351,3.325,6.6632996
1,102.01,457.62006,13.3,13.3,9.170351,3.325,1.9151993
忱,106.445206,457.62006,13.3,13.3,9.170351,3.325,17.635803
。,125.17,458.14563,13.3,13.3,9.170351,3.325,4.495407
3,40.800003,478.52005,13.3,13.301767,9.170351,3.325,4.2028008
9,46.292805,478.6096,13.3,13.301767,9.170351,3.325,4.3224983
8,51.905304,478.70105,13.3,13.301767,9.170351,3.325,4.4953995
 ,57.690704,478.79535,13.3,13.301767,9.170351,3.325,3.3250008
I,67.68,478.9802,21.35,21.352837,14.667451,5.3375,1.4944992
 ,69.1745,479.00455,21.35,21.352837,14.667451,5.3375,5.3375015
1,77.64,478.73053,13.3,13.301767,9.170351,3.325,1.9151993
 ,79.5552,478.76178,13.3,13.301767,9.170351,3.325,3.324997
o,81.96,478.80096,13.3,13.301767,9.170351,3.325,4.4421997
叭,87.7222,478.8949,13.3,13.301767,9.170351,3.325,16.3191
叭,106.2,479.19608,13.3,13.301767,9.170351,3.325,17.875198
。,125.159996,479.29514,13.3,13.301767,9.170351,3.325,4.4953995
3,40.800003,499.58005,13.3,13.30079,9.170351,3.325,4.2560005
9,46.406002,499.64114,13.3,13.30079,9.170351,3.325,4.3224983
9,52.078503,499.70297,13.3,13.30079,9.170351,3.325,4.3224983
 ,57.751003,499.7648,13.3,13.30079,9.170351,3.325,3.3250008
I,67.8,499.78033,17.75,17.751055,14.768001,4.4375,1.5087509
 ,69.308754,499.7968,17.75,17.751055,14.768001,4.4375,4.4375
1,77.64,499.6606,13.3,13.30079,9.170351,3.325,1.8619995
0,82.082,499.709,13.3,13.30079,9.170351,3.325,4.4421997
0,87.84,499.7718,13.3,13.30079,9.170351,3.325,4.4421997
;,93.3022,499.83133,13.3,13.30079,9.170351,3.325,6.6632996
1,102.13,499.92755,13.3,13.30079,9.170351,3.325,1.9151993
0,106.5652,499.9759,13.3,13.30079,9.170351,3.325,4.4421997
;,111.97,500.0348,13.3,13.30079,9.170351,3.325,6.6632996
2,119.42,499.6516,13.3,13.30079,9.170351,3.325,4.8545
0,125.294495,499.71564,13.3,13.30079,9.170351,3.325,4.4421997
 ,130.7567,499.77518,13.3,13.30079,9.170351,3.325,3.324997
I,136.69,499.92026,13.9,13.9008255,8.63885,3.475,1.4456024
 ,138.1356,499.936,13.9,13.9008255,8.63885,3.475,3.475006
交,150.25,500.51807,19.2,19.201141,14.611201,4.8,9.350403
通,161.0404,500.63568,19.2,19.201141,14.611201,4.8,10.790405
旅,172.45,501.15723,19.2,19.201141,14.611201,4.8,10.924805
i,184.22,500.88834,19.2,19.201141,14.611201,4.8,3.590393
的,40.210003,520.0801,17.5,17.501642,9.205,4.375,10.552502
O,51.97,520.59155,17.5,17.501642,9.205,4.375,4.567501
I,67.8,520.5,21.1,21.10198,11.868751,5.275,1.4347992
 ,69.2348,520.51965,21.1,21.10198,11.868751,5.275,5.2750015
1,77.64,520.5098,13.3,13.301249,9.170351,3.325,1.8619995
0,82.082,520.5707,13.3,13.301249,9.170351,3.325,4.4421997
0,87.84,520.6496,13.3,13.301249,9.170351,3.325,4.4421997
/,93.3022,520.7244,13.3,13.301249,9.170351,3.325,6.6632996
1,102.13,520.4036,13.3,13.301249,9.170351,3.325,1.9151993
0,106.685196,520.46606,13.3,13.301249,9.170351,3.325,4.4421997
/,111.97,520.53845,13.3,13.301249,9.170351,3.325,6.6632996
2,119.5333,520.6421,13.3,13.301249,9.170351,3.325,4.8545
0,125.2878,520.7209,13.3,13.301249,9.170351,3.325,4.4422073
 ,130.63,520.79407,13.3,13.301249,9.170351,3.325,3.324997
I,136.81,521.5395,21.1,21.10198,11.868751,5.275,1.4980927
 ,138.30809,521.56,21.1,21.10198,11.868751,5.275,5.274994
交,150.25,521.5996,19.2,19.201803,14.611201,4.8,9.350403
通,161.0404,521.74744,19.2,19.201803,14.611201,4.8,10.675201
旅,172.45,521.90375,19.2,19.201803,14.611201,4.8,10.924805
運,184.22,522.065,19.2,19.201803,14.611201,4.8,10.444794
支,196.0448,522.227,19.2,19.201803,14.611201,4.8,9.907196
出,208.7,522.4004,19.2,19.201803,14.611201,4.8,7.4304047
鐵,292.44,303.72006,13.3,13.3,9.170351,3.325,10.985809
鐵,292.1458,303.72006,13.3,13.3,9.170351,3.325,10.985809
一,280.95,295.07007,10.3,10.3,7.5756507,2.575,0.0
會,274.95,295.07007,10.3,10.3,7.5756507,2.575,0.0
同,280.95,307.20007,10.3,10.3,7.5756507,2.575,0.0
一,277.71002,307.20007,10.3,10.3,7.5756507,2.575,0.0
合,280.95,323.52008,10.3,10.3,7.5756507,2.575,0.0
同,280.95,328.32007,10.3,10.3,7.5756507,2.575,0.0
一,277.83002,328.32007,10.3,10.3,7.5756507,2.575,0.0
油,269.50998,282.48004,17.5,17.5,9.205008,4.375,0.0
一,265.55,282.48004,17.5,17.5,9.205008,4.375,0.0
灣,269.52966,303.00003,17.5,17.5,9.205008,4.375,9.782501
一,269.54984,316.20004,17.5,17.5,9.205008,4.375,0.0
一灣,263.72983,316.20004,17.5,17.5,9.205008,4.375,0.0
一,269.83945,337.44003,17.5,17.5,9.205008,4.375,0.0
油,269.53973,345.36005,17.5,17.5,9.205008,4.375,9.292511
油,266.59222,345.36005,17.5,17.5,9.205008,4.375,9.362488
中,257.81998,282.12006,17.5,17.5,9.205139,4.375,7.5075073
一,262.2075,282.12006,17.5,17.5,9.205139,4.375,0.0
台,257.93008,303.23007,17.5,17.5,9.205139,4.375,0.0
台,258.0403,324.00006,17.5,17.5,9.205139,4.375,7.682495
于中,262.39282,324.00006,17.5,17.5,9.205139,4.375,0.0
于中,259.06284,324.00006,17.5,17.5,9.205139,4.375,0.0
統,253.33,522.32007,13.3,13.30136,9.170351,3.325,10.201096
一,265.2111,522.4899,13.3,13.30136,9.170351,3.325,9.2435
超,276.02,522.64453,13.3,13.30136,9.170351,3.325,10.613403
商,287.8934,522.81433,13.3,13.30136,9.170351,3.325,9.72229
本,68.880005,545.38007,13.3,13.300014,9.170351,3.325,10.493698
件,80.57371,545.3964,13.3,13.300014,9.170351,3.325,10.254303
資,92.770004,545.4135,13.3,13.300014,9.170351,3.325,8.937599
料,103.46001,545.42847,13.3,13.300014,9.170351,3.325,10.613403
侏,115.123405,545.44476,13.3,13.300014,9.170351,3.325,10.081398
依,126.25481,545.4604,13.3,13.300014,9.170351,3.325,10.919296
申,139.59001,545.47906,13.3,13.300014,9.170351,3.325,7.4347076
報,149.54471,545.493,13.3,13.300014,9.170351,3.325,10.679901
人,161.19002,545.5093,13.3,13.300014,9.170351,3.325,10.254303
網,172.94432,545.52576,13.3,13.300014,9.170351,3.325,9.841995
路,183.88002,545.5411,13.3,13.300014,9.170351,3.325,10.985794
申,197.20583,545.5597,13.3,13.300014,9.170351,3.325,7.4347076
報,207.16002,545.57367,13.3,13.300014,9.170351,3.325,10.679901
資,219.43993,545.5908,13.3,13.300014,9.170351,3.325,8.884399
料,229.92433,545.6055,13.3,13.300014,9.170351,3.325,10.613403
或,242.13773,545.6226,13.3,13.300014,9.170351,3.325,9.416397
其,253.48003,545.6385,13.3,13.300014,9.170351,3.325,9.722305
申,266.08002,545.6561,13.3,13.300014,9.170351,3.325,7.4346924
報,276.03473,545.67004,13.3,13.300014,9.170351,3.325,10.679901
之,287.33002,545.6859,13.3,13.300014,9.170351,3.325,10.679901
紙,298.9999,545.7022,13.3,13.300014,9.170351,3.325,10.254303
本,310.2442,545.71796,13.3,13.300014,9.170351,3.325,10.560211
資,322.73,545.7355,13.3,13.300014,9.170351,3.325,8.937592
料,333.2876,545.75024,13.3,13.300014,9.170351,3.325,10.679901
建,344.81,545.76636,13.3,13.300014,9.170351,3.325,10.560211
檔,356.34,545.7825,13.3,13.300014,9.170351,3.325,10.440491
產,368.4605,545.79944,13.3,13.300014,9.170351,3.325,9.72229
製,379.86282,545.8154,13.3,13.300014,9.170351,3.325,9.48291
，,395.1,545.8368,13.3,13.300014,9.170351,3.325,1.9816895
如,402.7217,545.8474,13.3,13.300014,9.170351,3.325,10.014893
有,414.55002,545.864,13.3,13.300014,9.170351,3.325,9.416412
錯,425.64642,545.8795,13.3,13.300014,9.170351,3.325,10.254303
誤,437.00003,545.89545,13.3,13.300014,9.170351,3.325,10.493713
，,453.07373,545.9179,13.3,13.300014,9.170351,3.325,1.9816895
以,460.63544,545.9285,13.3,13.300014,9.170351,3.325,9.12381
申,473.01004,545.94586,13.3,13.300014,9.170351,3.325,7.4346924
報,482.96475,545.9598,13.3,13.300014,9.170351,3.325,10.679901
人,494.62003,545.9761,13.3,13.300014,9.170351,3.325,10.254303
申,507.42432,545.994,13.3,13.300014,9.170351,3.325,7.4346924
報,517.40906,546.008,13.3,13.300014,9.170351,3.325,10.679871
之,528.8301,546.024,13.3,13.300014,9.170351,3.325,10.560181
資,541.1153,546.0412,13.3,13.300014,9.170351,3.325,8.937622
料,551.7779,546.0561,13.3,13.300014,9.170351,3.325,10.613403
為,564.1163,546.07336,13.3,13.300014,9.170351,3.325,9.296692
準,575.138,546.0888,13.3,13.300014,9.170351,3.325,9.84198
。,590.1601,546.10986,13.3,13.300014,9.170351,3.325,2.8861084
列,686.41003,55.73004,10.4,10.40099,7.2592,2.6,7.383972
印,695.83405,55.599976,10.4,10.40099,7.2592,2.6,7.62323
日,706.81006,54.705627,10.4,10.40099,7.2592,2.6,4.8048096
期,714.86005,54.993652,10.4,10.40099,7.2592,2.6,8.101624
：,727.58167,54.818115,10.4,10.40099,7.2592,2.6,1.4351807
1,734.66003,54.720398,10.4,10.40099,7.2592,2.6,1.6223755
0,738.38,54.669067,10.4,10.40099,7.2592,2.6,3.8375854
3,743.4176,54.59955,10.4,10.40099,7.2592,2.6,3.4840088
年,747.99,54.88025,10.4,10.40099,7.2592,2.6,8.4552
0,757.3452,54.75116,10.4,10.40099,7.2592,2.6,3.8375854
2,762.0828,54.68579,10.4,10.40099,7.2592,2.6,4.0247803
年,767.07,55.04297,10.4,10.40099,7.2592,2.6,8.4552
2,776.42523,54.91388,10.4,10.40099,7.2592,2.6,4.0247803
0,781.35004,54.845947,10.4,10.40099,7.2592,2.6,3.8375854
日,787.96,54.7547,10.4,10.40099,7.2592,2.6,4.8048096
1,739.56,65.369995,10.4,10.402994,7.2592,2.6,1.6223755
4,742.92,65.00061,10.4,10.402994,7.2592,2.6,4.263977
日,748.084,65.12457,10.4,10.402994,7.2592,2.6,2.7559814
寄,750.73,65.18805,10.4,10.402994,7.2592,2.6,5.7615967
2,757.2716,65.34503,10.4,10.402994,7.2592,2.6,4.0247803
4,762.0764,65.46033,10.4,10.402994,7.2592,2.6,4.263977
分,767.18,65.13995,10.4,10.402994,7.2592,2.6,8.517578
0,776.75757,65.36981,10.4,10.402994,7.2592,2.6,3.8375854
3,781.65515,65.487366,10.4,10.402994,7.2592,2.6,3.4840088
秒,786.19916,65.596436,10.4,10.402994,7.2592,2.6,8.819214
第,693.36005,81.48999,10.4,10.4,7.2592,2.6,7.0823975
2,706.69006,81.06146,10.4,10.4,7.2592,2.6,3.9624023
0,711.6125,81.06146,10.4,10.4,7.2592,2.6,3.8375854
頁,722.18005,81.48999,10.4,10.4,7.2592,2.6,6.8952026
／,730.63525,81.48999,10.4,10.4,7.2592,2.6,5.6992188
共,737.06006,81.48999,10.4,10.4,7.2592,2.6,8.164001
2,750.99005,80.925964,10.4,10.4,7.2592,2.6,4.0247803
5,755.79004,81.48999,10.4,10.4,7.2592,2.6,3.9000244
頁,766.41003,81.48999,10.4,10.4,7.2592,2.6,6.8952026
身,467.03998,102.140045,13.3,13.30003,9.170351,3.325,8.764709
分,477.78467,102.11749,13.3,13.30003,9.170351,3.325,10.134613
證,488.65,102.094666,13.3,13.30003,9.170351,3.325,11.517792
／,500.7378,102.069275,13.3,13.30003,9.170351,3.325,6.5968018
統,507.9046,102.05423,13.3,13.30003,9.170351,3.325,10.374023
一,519.98004,102.02887,13.3,13.30003,9.170351,3.325,9.24353
編,530.90356,102.00592,13.3,13.30003,9.170351,3.325,10.201111
︱,543.5101,101.97946,21.1,21.100046,11.67885,5.275,1.5614014
收,549.63007,101.96661,13.3,13.30003,9.170351,3.325,11.278381
入,561.90845,101.94083,13.3,13.30003,9.170351,3.325,10.799622
金,573.70807,101.916046,13.3,13.30003,9.170351,3.325,10.440491
額,585.14856,101.89203,13.3,13.30003,9.170351,3.325,10.560181
︱,601.11005,101.85852,21.1,21.100046,11.67885,5.275,1.5614014
支,608.44006,101.84314,13.3,13.30003,9.170351,3.325,9.895203
出,621.06525,101.81662,13.3,13.30003,9.170351,3.325,7.4346924
金,631.2299,101.79529,13.3,13.30003,9.170351,3.325,10.440491
額,642.6501,101.7713,13.3,13.30003,9.170351,3.325,10.560181
︱,658.7301,101.73752,21.1,21.100046,11.67885,5.275,1.5614014
金,666.2901,101.72165,13.3,13.30003,9.170351,3.325,10.440491
錢,677.9906,101.69708,13.3,13.30003,9.170351,3.325,10.374023
類,689.6246,101.67264,13.3,13.30003,9.170351,3.325,9.895203
︱,705.6601,101.63898,21.1,21.100046,11.67885,5.275,1.5614014
地,739.6801,101.48053,10.9,10.900023,8.4529505,2.725,10.80188
址,751.322,101.456085,10.9,10.900023,8.4529505,2.725,10.4422
是,677.52,124.26004,10.9,10.9,8.4529505,2.725,10.4422
是,683.04004,134.88004,17.75,17.75,13.667546,4.4375,0.0
一,679.50006,134.88004,17.75,17.75,13.667546,4.4375,0.0
是,683.0996,155.88004,17.75,17.75,13.667546,4.4375,10.437012
一,690.17664,155.88004,17.75,17.75,13.667546,4.4375,0.0
走,683.1493,176.52005,17.75,17.75,13.667546,4.4375,10.437012
一,690.1663,176.52005,17.75,17.75,13.667546,4.4375,0.0
走,683.1989,197.52005,17.75,17.75,13.667546,4.4375,10.437012
一,690.5159,197.52005,17.75,17.75,13.667546,4.4375,0.0
走,683.25885,218.64005,17.75,17.75,13.667546,4.4375,0.0
了三,680.01886,218.64005,17.75,17.75,13.667546,4.4375,0.0
是,683.36835,260.76004,17.75,17.75,13.667546,4.4375,10.437012
一,690.3253,260.76004,17.75,17.75,13.667546,4.4375,0.0
走,683.4183,281.88004,17.75,17.75,13.667546,4.4375,0.0
一,679.9983,281.88004,17.75,17.75,13.667546,4.4375,0.0
走,683.4782,303.00003,17.75,17.75,13.667546,4.4375,0.0
一,683.5082,316.07004,17.75,17.75,13.667546,4.4375,0.0
是,677.5682,316.07004,17.75,17.75,13.667546,4.4375,10.437012
一,683.5684,337.32004,17.75,17.75,13.667546,4.4375,0.0
是,677.26843,337.32004,17.75,17.75,13.667546,4.4375,10.437012
一,683.61835,358.44003,17.75,17.75,13.667546,4.4375,0.0
是,677.43835,358.44003,17.75,17.75,13.667546,4.4375,10.437012
一,683.6779,379.44003,17.75,17.75,13.667546,4.4375,0.0
是,677.7379,379.44003,17.75,17.75,13.667546,4.4375,10.437012
一,683.7279,400.2,17.75,17.75,13.667546,4.4375,0.0
走,677.9079,400.2,17.75,17.75,13.667546,4.4375,0.0
一,683.7875,421.2,17.75,17.75,13.667546,4.4375,0.0
走,678.50745,421.2,17.75,17.75,13.667546,4.4375,0.0
一,683.8371,442.2,17.75,17.75,13.667546,4.4375,0.0
是,678.1371,442.2,17.75,17.75,13.667546,4.4375,0.0
一,683.8974,463.08002,17.75,17.75,13.667546,4.4375,0.0
是,683.91736,470.76004,17.75,17.75,13.667546,4.4375,10.437012
一,691.1144,470.76004,17.75,17.75,13.667546,4.4375,0.0
是,683.967,491.76004,17.75,17.75,13.667546,4.4375,10.437012
一,690.984,491.76004,17.75,17.75,13.667546,4.4375,0.0
是,684.0173,512.64,17.75,17.75,13.667546,4.4375,10.437012
